#<parameter>: <value>          #<units>; <comment>
Rmin:     1.052777398512e+00   #R0;
Rmax:     6.079098652921e+00   #R0;
rho_rmin: 2.157007514664e+04   #RHO0;
T_rmin:   1.534820918516e-01   #T0;
Ys_rmin:  1.000000000000e+00,   1.000000000000e+00,   1.000000000000e+00,   1.000000000000e+00#;
Ncol_sp:  8.228866515117e-03,   3.094961858164e-03,   1.930658430564e-04,   2.446562263235e-04#;
erf_drop:   1.158075370478e-04,   4.911099411609e-05#V0;