#<parameter>: <value>          #<units>; <comment>
Rmin:     1.056695897481e+00   #R0;
Rmax:     6.058065871214e+00   #R0;
rho_rmin: 2.135770226091e+04   #RHO0;
T_rmin:   1.534820918516e-01   #T0;
Ys_rmin:  1.000000000000e+00,   1.000000000000e+00#;
Ncol_sp:  2.290737044318e-02,   5.260385830241e-03#;
erf_drop:   1.329588433767e-04,   1.244888803420e-04#V0;