#<parameter>: <value>          #<units>; <comment>
Rmin:     1.057257675812e+00   #R0;
Rmax:     6.079911577818e+00   #R0;
rho_rmin: 1.816175545547e+04   #RHO0;
T_rmin:   1.534820918516e-01   #T0;
Ys_rmin:  1.000000000000e+00,   1.000000000000e+00,   1.000000000000e+00,   1.000000000000e+00#;
Ncol_sp:  8.817668742901e-03,   3.280038467278e-03,   2.035828527802e-04,   2.591101489740e-04#;
erf_drop:   1.129858044282e-04,   1.295678598578e-05#V0;