#<parameter>: <value>          #<units>; <comment>
Rmin:     1.052777398512e+00   #R0;
Rmax:     6.078811767285e+00   #R0;
rho_rmin: 2.157007514664e+04   #RHO0;
T_rmin:   1.534820918516e-01   #T0;
Ys_rmin:  1.000000000000e+00,   1.000000000000e+00,   1.000000000000e+00,   1.000000000000e+00#;
Ncol_sp:  8.215334341331e-03,   3.090653692485e-03,   1.928202366829e-04,   2.443192198266e-04#;
erf_drop:   1.171743564797e-04,   4.911099411609e-05#V0;