#<parameter>: <value>          #<units>; <comment>
Rmin:     1.147452814136e+00   #R0;
Rmax:     2.102416928045e+01   #R0;
rho_rmin: 8.851766173328e+04   #RHO0;
T_rmin:   1.305453024363e-01   #T0;
Ys_rmin:  1.000000000000e+00,   1.000000000000e+00,   1.000000000000e+00,   1.000000000000e+00,   1.000000000000e+00,   1.000000000000e+00#;
Ncol_sp:  2.495103818452e-01,   7.618933221333e-03,   6.125034248305e-03,   1.899424571532e-03,   9.183582027868e-03,   1.157236472737e-02#;
erf_drop:   1.226986721151e-05,   1.531608069991e-04#V0;