#<parameter>: <value>          #<units>; <comment>
Rmin:     1.057257675812e+00   #R0;
Rmax:     6.067898117457e+00   #R0;
rho_rmin: 1.816175545547e+04   #RHO0;
T_rmin:   1.534820918516e-01   #T0;
Ys_rmin:  1.000000000000e+00,   1.000000000000e+00,   1.000000000000e+00,   1.000000000000e+00#;
Ncol_sp:  8.028860539118e-03,   3.190420733804e-03,   1.985369897834e-04,   2.510796432932e-04#;
erf_drop:   1.152804383245e-04,   1.297100342876e-05#V0;