#<parameter>: <value>          #<units>; <comment>
Rmin:     1.056695897481e+00   #R0;
Rmax:     6.381446068152e+00   #R0;
rho_rmin: 2.135770226091e+04   #RHO0;
T_rmin:   1.534820918516e-01   #T0;
Ys_rmin:  1.000000000000e+00,   1.000000000000e+00#;
Ncol_sp:  3.790852098267e-04,   3.331218941253e-04#;
erf_drop:   1.971018471786e-04,   2.509883236083e-05#V0;