#<parameter>: <value>          #<units>; <comment>
Rmin:     1.028291940230e+00   #R0;
Rmax:     5.765422908895e+00   #R0;
rho_rmin: 2.705176842164e+04   #RHO0;
T_rmin:   1.452024482826e-01   #T0;
Ys_rmin:  1.000000000000e+00,   1.000000000000e+00,   1.000000000000e+00,   1.000000000000e+00,   1.000000000000e+00,   1.000000000000e+00,   1.000000000000e+00,   1.000000000000e+00,   1.000000000000e+00#;
Ncol_sp:  7.173445832900e-01,   5.573543291526e-02,   6.367704516884e-03,   1.879242832291e-03,   1.393101957469e-02,   2.910602529625e-03,   8.994621703162e-04,   5.296425922230e-05,   8.789879116747e-04#;
erf_drop:   1.028291940230e+00,   5.765422908895e+00#V0;