#<parameter>: <value>          #<units>; <comment>
Rmin:     1.056695897481e+00   #R0;
Rmax:     6.381446068152e+00   #R0;
rho_rmin: 2.135770226091e+04   #RHO0;
T_rmin:   1.534820918516e-01   #T0;
Ys_rmin:  1.000000000000e+00,   1.000000000000e+00#;
Ncol_sp:  2.070517677160e-02,   5.246583505338e-03#;
erf_drop:   1.592428088023e-04,   4.911099411609e-05#V0;