#<parameter>: <value>          #<units>; <comment>
Rmin:     1.057257675812e+00   #R0;
Rmax:     6.067898111519e+00   #R0;
rho_rmin: 1.816175545547e+04   #RHO0;
T_rmin:   1.534820918516e-01   #T0;
Ys_rmin:  1.000000000000e+00,   1.000000000000e+00,   1.000000000000e+00,   1.000000000000e+00#;
Ncol_sp:  8.028866795825e-03,   3.190422823530e-03,   1.985371089434e-04,   2.510798062799e-04#;
erf_drop:   1.152797195277e-04,   1.297096988039e-05#V0;