#<parameter>: <value>         #<units>;         <comment>
HX:            7.303688348533e-01, 1.860341403421e-01, 2.134707315304e-02, 6.224995165157e-02       #;  Mass fractions
species_name:HI,HeI,CI,OI#; Species name in Roman Numeral format
atomic_mass:      1.673300000000e-24, 5.008237330354e-24, 1.992648000000e-23, 2.656019552143e-23    #; Atomic mass in gs
Z:             1, 2, 6, 8                                                   #; Atomic number
Ne:            1, 2, 6, 8                                                   #; Number of electrons in species
Molec_adjust:            2.300   #; Weighting factor to account for molecules below atomic wind