#<parameter>: <value>         #<units>;         <comment>
HX:            2.735846498739e-01, 2.281184733936e-02, 7.852851734917e-02, 2.704391335317e-02, 2.289960957756e-01, 3.690349763095e-01       #;  Mass fractions
species_name:HI,HeI,CI,NI,OI,SII#; Species name in Roman Numeral format
atomic_mass:      1.673300000000e-24, 5.008237330354e-24, 1.992648000000e-23, 2.325266450660e-23, 2.656019552143e-23, 5.309090306727e-23    #; Atomic mass in gs
Z:             1, 2, 6, 7, 8, 16                                                   #; Atomic number
Ne:            1, 2, 6, 7, 8, 15                                                   #; Number of electrons in species
Molec_adjust:            2.300   #; Weighting factor to account for molecules below atomic wind