#<parameter>: <value>           #<units>;     <comment>
Mp:        1.330000000000e+30   #g;              0.70 MJ
Ruv:       1.000000000000e+10   #cm;             1.40 RJ
Mstar:     2.282701453200e+33   #g;              1.15 Msun
semimajor: 7.480000000000e+11   #cm;             0.05 au
Ftot:      1.095712977126e+03   #erg/cm^2/s; 2.35e+02 FuvEarth
Lstar:     6.807420000000e+33   #erg/s;          1.78 Lstar
