#<parameter>: <value>           #<units>;     <comment>
Mp:        1.158604161600e+28   #g;              0.01 MJ
Ruv:       9.701145768600e+08   #cm;             0.14 RJ
Mstar:     5.428375407000e+32   #g;              0.27 Msun
semimajor: 7.480000000000e+11   #cm;             0.05 au
Ftot:      2.000000000000e+02   #erg/cm^2/s; 4.29e+01 FuvEarth
Lstar:     4.314156000000e+31   #erg/s;          0.01 Lstar
