#<parameter>: <value>           #<units>;     <comment>
Mp:        3.155337534763e+30   #g;              1.66 MJ
Ruv:       1.444647939900e+10   #cm;             2.02 RJ
Mstar:     1.988416000000e+33   #g;              1.00 Msun
semimajor: 7.480000000000e+11   #cm;             0.05 au
Ftot:      1.095712977126e+06   #erg/cm^2/s; 2.35e+05 FuvEarth
Lstar:     3.828000000000e+33   #erg/s;          1.00 Lstar
