#<parameter>: <value>          #<units>; <comment>
Rmin:     1.023493295180e+00   #R0;
Rmax:     5.208836629322e+00   #R0;
rho_rmin: 2.868384563254e+04   #RHO0;
T_rmin:   1.277402234695e-01   #T0;
Ys_rmin:  1.000000000000e+00,   1.000000000000e+00,   1.000000000000e+00,   1.000000000000e+00,   1.000000000000e+00,   1.000000000000e+00,   1.000000000000e+00,   1.000000000000e+00,   1.000000000000e+00#;
Ncol_sp:  2.895771792623e-05,   8.185851957442e-06,   5.541176196388e-07,   2.466718960638e-07,   5.743375110336e-07,   1.720817068714e-05,   5.206391885746e-06,   3.135687267115e-07,   4.377499914120e-06#;
erf_drop:   7.285771260812e-05,   4.168842804200e-05#V0;