#<parameter>: <value>          #<units>; <comment>
Rmin:     1.023626727979e+00   #R0;
Rmax:     5.155690843501e+00   #R0;
rho_rmin: 2.593941392577e+04   #RHO0;
T_rmin:   1.277402234695e-01   #T0;
Ys_rmin:  1.000000000000e+00,   1.000000000000e+00,   1.000000000000e+00,   1.000000000000e+00,   1.000000000000e+00,   1.000000000000e+00,   1.000000000000e+00#;
Ncol_sp:  1.156411722793e-06,   3.307628219759e-07,   1.432688635417e-08,   7.527322149962e-09,   1.380417130831e-08,   3.446995881905e-09,   1.065171453109e-09#;
erf_drop:   2.723123501938e-05,   1.375201024636e-05#V0;