#<parameter>: <value>          #<units>; <comment>
Rmin:     1.056695897481e+00   #R0;
Rmax:     6.381446068152e+00   #R0;
rho_rmin: 2.135770226091e+04   #RHO0;
T_rmin:   1.534820918516e-01   #T0;
Ys_rmin:  1.000000000000e+00,   1.000000000000e+00#;
Ncol_sp:  1.843158694463e-02,   4.408019894711e-03#;
erf_drop:   1.607259334609e-04,   1.034027033047e-04#V0;