#<parameter>: <value>          #<units>; <comment>
Rmin:     1.057257675812e+00   #R0;
Rmax:     6.928218819092e+00   #R0;
rho_rmin: 1.816175545547e+04   #RHO0;
T_rmin:   1.534820918516e-01   #T0;
Ys_rmin:  1.000000000000e+00#;
Ncol_sp:  1.209749139475e-01#;
erf_drop:   2.832913343871e-04,   2.386244968284e-04#V0;