#<parameter>: <value>          #<units>; <comment>
Rmin:     1.052647160874e+00   #R0;
Rmax:     6.010954715293e+00   #R0;
rho_rmin: 2.245804429817e+04   #RHO0;
T_rmin:   1.534820918516e-01   #T0;
Ys_rmin:  1.000000000000e+00,   1.000000000000e+00,   1.000000000000e+00,   1.000000000000e+00#;
Ncol_sp:  8.295233477584e-03,   2.962866989142e-03,   1.825727196799e-04,   2.298807556265e-04#;
erf_drop:   6.025074162509e-05,   5.012160950988e-05#V0;