#<parameter>: <value>         #<units>;         <comment>
HX:            7.899960815875e-01, 1.999873650975e-01, 2.294817985862e-03, 7.902970903570e-04, 6.691892028711e-03, 1.747562851612e-04, 6.478992494781e-05       #;  Mass fractions
species_name:HI,HeI,CI,NI,OI,NeI,MgII#; Species name in Roman Numeral format
atomic_mass:      1.673300000000e-24, 6.646479072198e-24, 1.992646879920e-23, 2.325265143613e-23, 2.656018059178e-23, 3.319822795555e-23, 3.982809875688e-23    #; Atomic mass in gs
Z:             1, 2, 6, 7, 8, 10, 12                                                   #; Atomic number
Ne:            1, 2, 6, 7, 8, 10, 11                                                   #; Number of electrons in species
Molec_adjust:            2.300   #; Weighting factor to account for molecules below atomic wind