#<parameter>: <value>           #<units>;     <comment>
Mp:        2.206084190800e+30   #g;              1.16 MJ
Ruv:       8.135789600000e+09   #cm;             1.14 RJ
Mstar:     1.682199851400e+33   #g;              0.85 Msun
semimajor: 4.637600000000e+11   #cm;             0.03 au
Ftot:      2.417000000000e+04   #erg/cm^2/s; 5.18e+03 FuvEarth
Lstar:     1.255584000000e+33   #erg/s;          0.33 Lstar
