#<parameter>: <value>          #<units>; <comment>
Rmin:     1.056695897481e+00   #R0;
Rmax:     6.075812625138e+00   #R0;
rho_rmin: 2.135770226091e+04   #RHO0;
T_rmin:   1.534820918516e-01   #T0;
Ys_rmin:  1.000000000000e+00,   1.000000000000e+00#;
Ncol_sp:  1.266111522798e-02,   3.332470163822e-03#;
erf_drop:   5.398074272937e-05,   2.471923418830e-04#V0;